Nuclear excitation energy [MeV]	Optimal DM mass [MeV]
11.083686999999998	11.079633463500405
12.67221699999999	12.668162616446109
14.298885	14.29482974894144
15.954131999999994	15.950075866079391
16.732240999999995	16.728184451018212
17.228590999999994	17.224534186240618
17.361999999999995	17.35794311507194
17.69947299999999	17.695415935039534
18.216430999999996	18.21237365924789
18.289008999999997	18.284951620527423
18.558547	18.55448947672664
19.272980999999994	19.26892309555593
19.409212	19.40515402287053
19.743546999999992	19.73948884448453
19.906587999999992	19.902529757491635
20.24729899999999	20.243240575696934
20.717435999999992	20.713377324836323
20.976286999999992	20.972228186712208
21.28797099999999	21.28391202039269
21.546325	21.542265882528064
21.916796999999995	21.912737684829757
22.23987	22.235810512421114
22.63741199999999	22.63335230026645
23.151957	23.147897025662388
23.676200999999992	23.672140745871893
24.077032	24.07297153194037
24.477605	24.473544318140615
24.863989	24.859928111908445
25.267703	25.263641896420594
25.661045999999992	25.65698468646273
26.093220999999996	26.08915945577082
26.680792999999998	26.676731142118456
27.08572999999999	27.08166792595157
27.625601999999997	27.621539637743677
27.958043999999997	27.953981460266213
28.465062999999997	28.461000189581807
28.984675	28.980611912165287
29.544822999999997	29.54075961309681
30.06296199999999	30.0588983364481
30.553664999999995	30.549601074440144
31.072003999999996	31.067939797667663
31.532825999999996	31.528761551599775
32.141206	32.137141226729206
32.617766	32.61370097224154
33.129636999999995	33.12557169888968
33.69586399999999	33.69179839650112
34.22301699999999	34.2189511149711
34.822188	34.81812179496941
35.395219999999995	35.391153488918164
36.02945999999999	36.02539315016541
36.587898	36.58383085188983
37.16982099999999	37.165753541061214
37.66492399999999	37.6608562765995
38.240869	38.23680096894749
38.83026199999999	38.82619365410304
39.39495399999999	39.39088535244518
40.02306099999999	40.01899201690177
40.61219799999999	40.60812870216793
41.253868	41.249798359360064
41.857097	41.85302703708032
42.462212	42.45814171378467
43.08268499999999	43.078614382275276
43.70801099999999	43.70394004816464
44.382741	44.37866968764839
45.031899	45.02782734078686
45.685689	45.681616991442
46.38724799999999	46.38317561656334
47.05356	47.049487260510666
47.73497599999999	47.730902896378915
48.39182199999999	48.38774854536937
49.10594699999999	49.10187316374282
49.787712	49.78363779940206
50.489346	50.485271424436036
51.202839	51.19876404312534
51.902564	51.89848866916617
52.577086	52.57301030867072
53.31233699999999	53.308260915712914
54.02287299999999	54.01879653595862
54.72362199999999	54.71954516143021
55.456186	55.45210876989291
56.193896	56.18981837560071
56.909995	56.905916992855346
57.64883499999999	57.64475744243748
58.381672	58.37759404576695
59.11943699999999	59.11535864625425
59.863596	59.8595172431005
60.596925	60.59284584563747
61.33836899999999	61.33428944359697
62.081757	62.077677040320474
62.82657999999999	62.82249979613496
63.57767299999999	63.573592768601856
64.324264	64.32018374126987
65.090392	65.08631171325955
65.84944499999999	65.8453603755664
66.61037099999999	66.60628633653218
67.377129	67.37304429723454
68.155874	68.15178925735876
68.92587499999999	68.92179021796603
69.68293499999999	69.6788501792691
70.463456	70.45937113940748
71.237212	71.23312709992537
72.006858	72.00277306068601
72.79192099999999	72.78783602069406
73.574129	73.57004398088057
74.357244	74.35315894105331
75.140284	75.1361944534785
75.932379	75.92828940150997
76.72639799999999	76.72230834944676
