Nuclear excitation energy [MeV]	Optimal DM mass [MeV]
9.845321000000006	9.842280041134146
16.429129000000003	16.42608455290175
17.886873	17.883827781069503
19.106065	19.10301913548509
20.271515	20.268468518304157
20.634644	20.63159732599258
21.124506000000004	21.12145905129976
21.319014000000003	21.315966948315328
22.049041000000003	22.04599356178657
22.25506900000001	22.252021452698234
22.375785	22.372737388780656
22.69106900000001	22.688021221840106
23.234614	23.231565934030975
23.49949	23.496441793775283
23.722903	23.719854675473357
23.975631	23.972582541646837
24.127765000000004	24.124716461086773
24.395655000000005	24.392606319228396
24.689789000000005	24.686740163470354
24.873077	24.870028066409265
25.193355000000004	25.190305896801995
25.557194000000003	25.554144704122578
26.003710000000005	26.000660467653887
26.416083000000004	26.41303324926107
26.527788000000005	26.524738190101107
27.125878000000004	27.122827873340075
27.402361000000003	27.39931072690466
27.668740000000003	27.665689585818118
27.976836	27.97378542263314
28.509042000000004	28.50599114073864
28.857441000000005	28.854389956195728
29.168116000000005	29.16506479163083
29.456089	29.453037639087817
30.042922000000004	30.039870328224545
30.437946000000004	30.434894118960386
30.851649	30.848596899794007
31.185094000000003	31.182041723140394
31.681334000000003	31.678281460231727
31.952711000000004	31.94965831627456
32.410724	32.40767107328899
32.792416	32.78936287078938
33.30255100000001	33.299497600141116
33.58793800000001	33.58488444872838
34.136562000000005	34.13350815764891
34.565850000000005	34.56279592987941
34.993877000000005	34.99082270277431
35.363474000000004	35.36041950666758
35.869974	35.86691923791497
36.283955000000006	36.280900018248715
36.767230000000005	36.76417476180808
37.199811	37.19675553226205
37.652768	37.649712291898375
38.19608	38.19302400358021
38.556106	38.55304981252168
39.13056400000001	39.12750750766117
39.565449	39.56239227686504
40.05407	40.05101301754471
40.499525000000006	40.49646778112766
41.059143000000006	41.05608548411289
41.52287200000001	41.519814237984136
41.98585800000001	41.982799992243685
42.51042700000001	42.50736871380928
43.013321000000005	43.010262446872275
43.524117	43.52105817573339
44.03732	44.03426090330918
44.525012	44.521952644419834
45.074676	45.07161635262445
45.630351000000005	45.627291057628895
46.133935	46.13087479027924
46.672945000000006	46.66988450411361
47.156012	47.15295124764107
47.697723	47.69466196002437
48.228122	48.225060678404795
48.739074	48.73601240710239
49.307315	49.30425310537126
49.82493	49.82186783051309
50.314816	50.311753570371295
50.89891900000001	50.89585626018767
51.432787000000005	51.429723976671156
51.973068000000005	51.97000468973931
52.579828000000006	52.576764426114195
53.101235	53.098171265084034
53.692147000000006	53.68908308246875
54.194118	54.191053927239054
54.817892	54.81482773421254
55.341667	55.338602572017834
55.943416000000006	55.940351385548716
56.459958	56.456893225372546
57.035070000000005	57.03200504691243
57.633648	57.63058286103292
58.218292000000005	58.21522667934325
58.749719000000006	58.74665351407295
59.338874	59.3358083307159
59.940347	59.937281143378684
60.485786	60.482719973364645
61.089916	61.086849784911394
61.652671000000005	61.64960460922605
62.271494	62.26842315895762
62.83086	62.82778897575044
63.431304	63.428232778937435
63.976745	63.9736736000158
64.543533	64.54046141395165
65.17234	65.16926820735941
65.74018600000001	65.73711402064173
66.328565	66.32549282701679
66.927682	66.92460962969383
67.483962	67.4808894463296
68.092447	68.08937424559036
68.696788	68.69371504604399
69.253307	69.25023386213287
69.842951	69.83987766711134
70.435649	70.4325754709084
71.026463	71.02338927515666
71.621069	71.61799507797302
72.19555100000001	72.19247688729419
72.791594	72.78851968928207
73.37417400000001	73.37109949556688
73.951451	73.94837630344225
