Nuclear excitation energy [MeV]	Optimal DM mass [MeV]
9.845321000000006	9.84185738392514
16.429129000000003	16.425662129586478
17.886873	17.883405503193874
19.106065	19.10259702132889
20.271515	20.268046560686543
20.634644	20.631175417156776
21.124506000000004	21.12103722353205
21.319014000000003	21.315545146649214
22.049041000000003	22.045571858088408
22.25506900000001	22.251599776649638
22.375785	22.372315728932737
22.69106900000001	22.687599604305703
23.234614	23.23114438944752
23.49949	23.496020284743185
23.722903	23.719433196428295
23.975631	23.972161096524463
24.127765000000004	24.12429503638523
24.395655000000005	24.39218493048643
24.689789000000005	24.68631881422701
24.873077	24.869606741811555
25.193355000000004	25.189884615271993
25.557194000000003	25.55372347152084
26.003710000000005	26.000239295102975
26.416083000000004	26.412612132173557
26.527788000000005	26.524317088038444
27.125878000000004	27.122406851728837
27.402361000000003	27.398889742487423
27.668740000000003	27.665268637237585
27.976836	27.973364515504038
28.509042000000004	28.505570305219152
28.857441000000005	28.85396916755857
29.168116000000005	29.164644044802674
29.456089	29.45261693101612
30.042922000000004	30.039449699138792
30.437946000000004	30.434473545754493
30.851649	30.84817643189839
31.185094000000003	31.181621340087663
31.681334000000003	31.677861203382317
31.952711000000004	31.94923812858691
32.410724	32.4072510022943
32.792416	32.788942896991
33.30255100000001	33.29907775617318
33.58793800000001	33.58446467735535
34.136562000000005	34.133088525757145
34.565850000000005	34.562376407060874
34.993877000000005	34.99040328864877
35.363474000000004	35.36000018634916
35.869974	35.86650004607814
36.283955000000006	36.28048093136195
36.767230000000005	36.7637557973669
37.199811	37.19633667735681
37.652768	37.64929355162206
38.19608	38.19260540070876
38.556106	38.552631300647384
39.13056400000001	39.12708914089229
39.565449	39.56197401987244
40.05407	40.05059488381683
40.499525000000006	40.49604975970479
41.059143000000006	41.05566760368182
41.52287200000001	41.519396474305765
41.98585800000001	41.982382345057914
42.51042700000001	42.50695119852267
43.013321000000005	43.00984505794635
43.524117	43.520640915064746
44.03732	44.03384377141171
44.525012	44.52153563480808
45.074676	45.07119774702422
45.630351000000005	45.62687252733191
46.133935	46.13045632823187
46.672945000000006	46.66946611512296
47.156012	47.152532924129886
47.697723	47.694243709947685
48.228122	48.22464250023519
48.739074	48.73559429820908
49.307315	49.30383507352821
49.82493	49.82144986886176
50.314816	50.311335675156805
50.89891900000001	50.89543844419427
51.432787000000005	51.42930623309206
51.973068000000005	51.96958701945077
52.579828000000006	52.57634677951798
53.101235	53.09775357333316
53.692147000000006	53.688665339659465
54.194118	54.190636141153846
54.817892	54.8144098944767
55.341667	55.33818468734138
55.943416000000006	55.939933449365775
56.459958	56.456475245083595
57.035070000000005	57.03158701763413
57.633648	57.6301647808996
58.218292000000005	58.21480854967135
58.749719000000006	58.74623533948662
59.338874	59.335390106465425
59.940347	59.93686286856737
60.485786	60.482301652827864
61.089916	61.08643141386925
61.652671000000005	61.649186191271525
62.271494	62.26800894649085
62.83086	62.82737472522414
63.431304	63.42781848770321
63.976745	63.973259271935504
64.543533	64.54004704771855
65.17234	65.16885379896166
65.74018600000001	65.73669957431584
66.328565	66.32507834154167
66.927682	66.92419510451381
67.483962	67.48047488442843
68.092447	68.08895964368314
68.696788	68.6933004045715
69.253307	69.24981922457741
69.842951	69.83946304462589
70.435649	70.4321608635895
71.026463	71.02297468297562
71.621069	71.61758050104781
72.19555100000001	72.1920623251294
72.791594	72.7881051424545
73.37417400000001	73.37068496375367
73.951451	73.94796178653077
