# l_min, l_max = (0, 30) [deg], 
# b_min, b_max = (0, 5) [deg]

Photon energy [MeV]
9.975
10.0255
10.076
10.1265
10.177
10.2275
10.278
10.3285
10.379
10.429499999999999
10.48
10.5305
10.581
10.631499999999999
10.682
10.7325
10.783
10.833499999999999
10.884
10.9345
10.985
11.035499999999999
11.086
11.1365
11.187
11.2375
11.288
11.3385
11.389
11.4395
11.49
11.5405
11.591
11.6415
11.692
11.7425
11.793
11.8435
11.894
11.9445
11.995000000000001
12.0455
12.096
12.1465
12.197
12.2475
12.298
12.3485
12.399000000000001
12.4495
12.5
